79.531 290.458
432.111 305.638
34.3464 266.122
5.876 249.551
57.8471 288.786
25.692 245.809
54.387 267.194
48.7198 217.421
48.7032 239.44
46.5974 196.194
81.2725 175.415
111.24 125.914
69.2467 157.799
51.3778 94.5936
68.4216 73.6183
62.1278 112.35
31.5756 45.866
15.1514 118.208
8.5224 270.094
68.6822 310.444
103.432 281.983
78.7472 264.743
98.9644 261.81
75.3982 241.959
95.8713 241.286
76.098 213.623
98.7238 216.474
92.373 194.173
104.098 161.144
110.841 182.812
93.188 141.082
120.028 144.101
134.617 112.721
110.341 98.8862
89.5082 113.844
76.0174 96.3103
84.4422 56.9409
154.633 61.3821
72.4687 21.1506
113.151 47.7764
89.6462 498.623
132.533 310.681
123.38 285.362
146.036 294.745
144.409 273.951
119.084 264.755
141.331 251.542
120.148 243.473
140.323 229.257
120.316 223.199
139.795 205.859
118.028 203.028
134.297 186.169
126.967 167.322
146.434 157.555
137.648 134.134
158.465 130.357
135.268 89.1013
161.387 110.35
156.319 84.8363
181.934 93.7259
171.025 48.657
198.775 81.9222
117.783 67.7864
203.89 50.8407
107.206 13.472
97.5695 31.2988
121.308 498.097
443.939 446.294
66.3111 44.3122
162.896 283.198
178.749 270.349
159.649 259.807
178.612 250.04
159.615 238.805
178.07 228.043
159.671 218.35
178.681 207.34
160.047 198.155
179.783 186.811
156.585 177.314
167.323 149.249
186.329 140.828
177.482 122.837
194.781 112.512
188.582 64.6137
124.658 30.9756
206.866 20.2274
153.52 32.7004
155.704 497.461
73.3554 481.294
189.568 5.6798
179.622 294.899
195.813 280.835
214.496 270.471
196.702 259.529
214.672 250.43
196.581 238.919
213.815 228.751
195.976 218.364
214.777 207.921
197.511 197.337
216.197 187.42
198.492 176.878
216.57 167.112
198.854 156.845
216.767 146.243
204.67 130.161
222.096 117.844
210.203 99.3614
231.916 55.0329
216.678 69.3942
221.426 37.1458
225.134 475.3
249.362 42.9992
225.064 6.4996
242.206 489.823
120.153 464.556
250.59 291.027
232.221 280.402
251.286 269.961
232.722 260.321
249.805 248.503
231.711 239.945
249.89 228.415
232.053 218.461
250.843 208.275
233.24 198.193
252.366 187.18
234.412 176.913
251.722 166.342
234.281 155.969
251.667 145.683
234.894 134.331
251.474 122.474
228.268 89.8332
239.597 106.324
256.671 94.4087
243.768 77.1722
285.428 51.0675
270.737 34.9444
282.947 467.333
299.157 313.186
270.699 281.528
286.275 268.797
268.984 258.719
286.512 248.789
267.868 238.109
286.793 227.755
268.671 217.707
287.385 206.894
269.41 197.657
287.198 185.927
269.389 176.029
286.696 165.441
268.966 155.849
286.516 145.269
268.265 133.746
287.497 124.189
271.591 111.22
296.994 95.1382
261.18 67.1216
279.936 75.8607
300.421 67.0064
279.326 411.301
258.216 14.015
304.102 280.343
319.065 300.239
322.814 272.732
304.18 259.17
322.468 247.172
304.853 237.646
323.001 227.069
304.949 217.269
322.276 206.544
305.125 196.18
322.66 186.267
305.148 175.916
322.558 165.18
304.402 155.431
322.57 144.812
304.973 134.203
323.515 124.438
306.493 113.148
324.004 102.892
313.186 82.4311
318.955 53.3109
304.496 36.0008
301.194 451.533
308.123 7.3404
365.427 328.544
353.637 311.706
338.468 287.515
357.015 275.492
341.231 260.161
357.688 247.87
340.247 237.955
357.855 226.958
340.111 216.24
357.872 206.855
340.816 196.035
358.094 185.61
340.686 175.646
358.18 164.887
340.343 155.613
358.616 144.495
340.674 135.306
359.403 124.171
341.676 114.461
358.318 100.905
329.762 70.6249
342.4 86.8246
277.754 497.317
252.854 412.817
383.054 317.257
368.855 293.945
386.844 282.146
378.14 261.775
396.507 249.044
375.95 237.52
393.497 226.874
375.7 216.099
393.759 205.269
375.824 195.882
394.714 185.055
375.909 175.457
393.783 165.009
375.971 155.155
394.788 144.489
377.091 134.477
394.6 123.97
376.927 114.282
396.231 101.2
376.923 92.9772
415.982 85.6878
291.403 19.5196
323.101 23.658
261.381 478.41
434.867 15.2588
448.121 384.21
398.213 303.634
421.157 285.309
407.316 270.622
424.466 259.35
413.527 236.903
432.368 228.181
411.518 215.134
430.919 206.331
412.777 193.982
430.342 184.326
411.998 173.874
431.376 163.983
413.384 153.806
431.126 143.331
412.568 133.372
434.56 122.682
412.928 113.055
465.579 102.799
431.592 101.603
396.885 77.7926
352.61 28.437
367.996 74.5924
404.468 12.1668
433.482 75.9297
492.259 301.973
458.171 259.404
442.936 273.061
440.993 247.637
476.67 208.329
451.458 219.62
497.775 205.33
451.297 193.345
472.27 188.36
449.611 172.358
473.45 142.68
450.568 149.361
482.435 124.043
456.804 128.97
464.565 76.1302
481.829 90.7833
448.668 91.0308
469.09 45.2162
450.734 61.4581
450.249 29.699
469.073 15.6508
403.968 42.4828
413.651 318.055
461.167 239.352
22.4828 197.95
3.017 138.835
497.626 105.106
89.5017 311.364
87.1106 434.531
129.171 373.496
35.3426 289.959
68.6893 332.62
58.9154 467.128
476.549 445.958
109.454 426.148
32.026 13.4396
114.662 354.788
44.8184 386.313
99.688 340.927
87.4 465.293
493.292 430.173
38.6918 416.944
97.6911 370.791
108.238 301.843
28.6356 365.578
461.885 432.131
160.265 468.475
375.214 367.661
130.813 338.682
89.1874 406.009
82.0092 358.298
489.83 466.873
58.3266 402.638
5.772 479.55
143.626 451.222
122.381 407.652
127.324 436.302
105.112 447.932
116.25 323.407
43.4266 450.233
107.893 392.671
53.5384 495.569
105.605 480.394
185.083 31.7442
144.366 355.59
147.724 388.937
172.607 391.908
77.5424 388.414
24.7382 466.642
179.889 320.65
167.156 337.953
216.115 317.254
200.023 364.067
485.294 497.636
214.381 385.632
196.048 442.481
180.951 420.484
213.512 291.175
235.302 341.747
198.934 330.523
234.587 307.853
161.779 368.96
24.2722 432.618
173.18 485.727
141.87 418.31
256.206 326.118
185.427 349.488
244.853 391.35
217.408 350.98
267.482 348.171
73.0152 449.208
268.592 310.192
302.496 407.794
175.414 452.12
344.944 435.513
292.97 380.1
230.666 369.291
349.862 356.877
301.7 352.754
313.993 327.151
288.083 336.103
225.752 414.6
315.467 474.98
248.357 358.401
217.057 435.832
280.279 363.842
332.685 317.984
494.651 359.987
321.404 346.225
340.166 336.788
385.114 390.383
369.389 430.239
273.638 390.061
215.661 456.363
330.28 364.827
325.304 413.077
431.215 397.804
377.41 476.852
259.205 375.788
355.937 377.017
386.874 57.9341
476.906 344.821
293.439 484.542
285.96 430.261
343.473 479.265
336.781 41.7698
139.988 17.2334
367.524 45.991
337.471 384.817
31.9102 336.614
343.062 459.127
395.618 423.833
326.825 491.467
352.461 61.6981
441.934 351.808
476.464 381.206
10.0832 345.376
367.514 454.922
422.245 461.769
411.9 382.718
425.201 365.752
474.932 320.91
447.908 416.635
432.399 333.825
430.051 430.331
393.874 457.042
480.682 413.621
18.456 30.0688
14.8954 296.695
495.738 399.517
8.6714 450.863
454.832 316
456.683 336.268
8.1984 416.487
421.582 31.234
20.0754 316.087
15.307 61.7726
35.6874 148.3
480.534 233.682
420.155 499.539
260.332 436.271
31.5154 103.885
170.967 16.9052
411.212 349.203
7.121 380.608
194.959 472.542
411.235 444.708
46.3382 354.417
489.346 279.827
149.942 324.431
499.932 327.776
393.912 334.614
454.352 496.216
24.8148 221.797
16.5082 90.6203
467.707 480.27
464.939 399.14
64.4974 371.076
492.172 183.165
413.354 414.461
435.852 46.0568
496.297 45.3632
492.466 158.92
408.04 477.043
245.282 460.451
469.622 167.384
453.033 294.606
74.8975 128.362
482.893 30.383
59.1079 178.047
438.777 477.477
52.2464 58.7671
482.711 63.8172
386.651 495.193
72.262 420.233
2.3172 227.902
458.671 461.744
338.062 9.5794
469.027 280.081
49.572 320.98
163.064 307.397
16.4292 498.641
32.577 76.21
24.6968 392.403
208.023 489.753
141.998 478.064
457.411 364.98
42.4444 120.723
485.606 253.515
499.648 76.0696
54.5758 139.687
377.156 345.807
51.1087 25.8514
0.0832 13.3728
194.058 400.658
40.9584 169.214
58.5163 434.807
395.78 367.352
322.071 456.007
360.052 492.753
388.733 28.9642
12.5108 159.314
197.292 304.316
287.377 295.233
374.243 11.9352
412.164 62.952
238.813 25.9114
178.6667 165.9
357.5 405
